8	12	24
4	5	27
8	11	28
6	7	23
8	10	26
8	9	24
4	9	29
9	11	23
3	12	23
2	8	26
9	10	34
2	6	17
7	12	35
2	4	22
7	10	25
10	12	29
2	3	17
2	10	32
2	11	35
2	12	18
9	12	34
1	9	17
1	8	23
3	11	24
5	6	30
1	5	22
1	4	23
1	7	29
1	6	30
3	9	35
4	7	20
1	2	30
11	12	30
4	8	23
3	6	34
3	5	16
10	11	30
1	11	26
1	10	27
4	6	24
3	8	26
5	9	27
5	8	24
4	12	28
4	10	28
4	11	33
3	10	38
6	10	25
6	11	19
6	12	21
7	8	22
3	4	30
2	9	31
5	11	31
5	10	37
1	12	26
5	12	33
3	7	24
2	5	27
1	3	23
2	7	32
6	8	33
6	9	22
7	11	24
7	9	21
5	7	36
